4294967279,177
4294967279,372
4294967278,334
4294967278,143
4294967294,30
4294967294,1167
4294967294,1166
4294967294,1164
4294967294,1163
4294967294,1158
4294967294,1019
4294967294,992
4294967294,990
4294967294,989
4294967294,988
4294967294,987
4294967294,60
4294967294,1091
4294967294,1090
4294967294,1088
4294967294,1013
4294967294,1011
4294967294,1002
4294967294,999
4294967294,995
4294967294,182
4294967294,176
4294967294,173
4294967294,170
4294967294,162
4294967294,12
4294967279,100
4294967279,91
4294967279,89
4294967279,87
4294967278,406
4294967278,352
4294967278,335
4294967279,365
4294967278,274
4294967278,290
4294967278,305
4294967278,332
4294967278,292
4294967278,439
4294967278,319
4294967278,358
4294967278,60
4294967278,58
4294967278,56
4294967278,55
4294967278,54
4294967278,53
4294967278,51
4294967278,395
4294967278,50
4294967278,49
4294967278,48
4294967278,44
4294967278,42
4294967278,41
4294967278,40
4294967278,39
4294967278,38
4294967278,37
4294967278,36
4294967278,35
4294967278,34
4294967278,33
4294967278,32
4294967278,31
4294967278,30
4294967278,29
4294967278,28
4294967278,27
4294967278,26
4294967278,25
4294967278,24
4294967278,23
4294967278,22
4294967278,21
4294967278,20
4294967278,2
4294967278,18
4294967278,17
4294967278,16
4294967278,15
4294967278,14
4294967278,13
4294967278,12
4294967278,11
4294967278,9
4294967278,7
4294967278,6
4294967278,5
4294967278,4
4294967279,132
4294967279,131
4294967279,130
4294967279,129
4294967279,128
4294967279,126
4294967279,123
4294967279,121
4294967279,120
4294967279,118
4294967279,117
4294967279,555
4294967279,85
4294967279,285
4294967279,81
4294967279,80
4294967279,79
4294967279,78
4294967279,76
4294967279,560
4294967279,73
4294967279,71
4294967279,541
4294967279,70
4294967279,69
4294967279,68
4294967279,67
4294967279,559
4294967279,65
4294967279,64
4294967279,60
4294967279,59
4294967279,58
4294967279,57
4294967279,558
4294967279,56
4294967279,55
4294967279,53
4294967279,52
4294967279,50
4294967279,347
4294967279,42
4294967279,38
4294967279,36
4294967279,32
4294967279,31
4294967279,28
4294967279,27
4294967279,26
4294967279,25
4294967279,20
4294967279,14
4294967279,13
4294967279,324
4294967279,339
4294967279,15
4294967279,344
4294967279,258
4294967279,257
4294967279,253
4294967278,258
4294967278,325
4294967278,322
4294967278,333
4294967279,302
4294967278,433
4294967294,421
1422,7
1422,6
1422,5
1422,4
1422,3
1422,2
1422,1
4294967279,301
4294967279,88
4294967279,174
4294967278,396
4294967294,178
4294967294,183
4294967294,398
4294967294,1173
4294967294,108
4294967294,459
4294967279,300
4294967279,332
4294967278,327
4294967279,299
4294967279,544
4294967278,203
4294967278,202
4294967278,318
4294967278,434
4294967279,295
4294967279,293
4294967278,197
1418,6
1418,5
1418,4
1418,3
1418,2
1418,1
4294967278,239
4294967279,189
4294967279,287
4294967279,188
4294967278,186
4294967278,183
4294967278,182
4294967279,178
4294967279,292
4294967279,172
4294967278,317
4294967278,59
4294967279,171
4294967278,57
4294967278,368
1415,6
1415,5
4294967278,167
1415,4
1415,3
1415,2
1415,1
4294967278,166
4294967278,163
4294967279,159
4294967279,158
4294967279,157
4294967279,551
4294967279,154
4294967278,152
4294967294,476
4294967279,39
4294967279,557
4294967278,316
4294967278,315
4294967278,148
4294967278,147
4294967279,143
1412,6
1412,5
4294967279,142
1412,4
1412,3
1412,2
1412,1
4294967278,299
4294967278,19
4294967278,314
4294967279,138
4294967279,135
4294967278,134
4294967278,297
4294967279,279
4294967279,280
4294967279,328
4294967279,545
4294967279,291
4294967278,313
4294967278,10
4294967278,8
4294967278,286
1409,6
1409,5
1409,4
4294967279,255
1409,3
1409,2
1409,1
4294967279,535
4294967278,257
4294967294,1422
4294967278,294
4294967278,323
4294967279,318
4294967279,572
4294967294,1014
4294967278,250
4294967279,230
4294967278,312
4294967278,311
4294967279,294
4294967294,477
4294967278,310
1406,6
1406,5
1406,4
1406,3
1406,2
1406,1
4294967278,417
4294967294,160
4294967294,460
1403,4
1403,3
1403,2
1403,1
4294967279,289
4294967278,379
4294967279,286
4294967294,1425
4294967278,309
4294967279,297
4294967278,198
4294967279,198
4294967278,196
1402,5
1402,4
1402,3
1402,2
1402,1
4294967278,402
1400,6
1400,5
1400,4
1400,3
1400,2
1400,1
1399,5
1399,4
1399,3
1399,2
1399,1
4294967294,1006
4294967294,1009
1398,4
4294967278,169
1398,3
1398,2
1398,1
4294967279,169
4294967279,284
4294967279,353
4294967294,467
4294967294,451
4294967294,418
4294967294,408
4294967279,547
4294967278,256
4294967278,422
4294967278,153
4294967279,531
4294967279,127
4294967279,125
4294967279,124
4294967279,116
4294967278,386
4294967278,360
4294967278,426
4294967278,349
4294967278,429
4294967278,361
4294967278,392
4294967278,259
4294967278,52
4294967278,47
4294967279,122
4294967279,119
4294967279,114
4294967279,553
4294967279,314
4294967279,75
4294967279,74
4294967279,552
4294967279,259
4294967279,49
4294967279,44
4294967278,307
4294967279,546
4294967278,427
4294967278,306
4294967278,302
4294967279,281
4294967278,324
4294967278,304
1397,7
1397,6
1397,5
1397,4
1397,2
1397,1
4294967278,303
4294967278,240
4294967279,115
4294967278,236
4294967279,246
4294967279,278
4294967279,360
4294967278,216
4294967279,527
4294967278,214
4294967278,211
4294967278,210
4294967279,210
4294967279,330
4294967278,205
4294967278,204
4294967278,199
1393,6
1393,5
1393,4
1393,2
1393,1
4294967279,200
4294967278,284
4294967279,196
4294967278,195
4294967294,996
4294967294,163
4294967294,1015
4294967294,1008
4294967294,998
4294967294,161
4294967279,195
4294967279,194
4294967278,192
4294967279,192
4294967278,191
4294967279,191
4294967278,190
4294967279,190
4294967279,187
4294967279,268
4294967279,186
4294967278,185
4294967278,401
4294967278,181
4294967278,249
4294967279,180
4294967278,179
4294967279,337
4294967279,175
1390,6
1390,5
4294967278,176
1390,4
1390,2
1390,1
4294967278,175
4294967279,61
4294967279,382
4294967278,170
4294967279,170
4294967278,168
4294967279,167
4294967279,166
4294967278,165
4294967279,165
4294967278,164
4294967279,163
4294967278,162
4294967279,162
4294967278,161
4294967279,161
4294967278,160
4294967279,160
4294967279,47
4294967279,329
4294967278,46
4294967278,355
4294967279,532
4294967278,45
4294967278,428
4294967278,156
4294967279,155
4294967278,43
4294967278,155
4294967278,340
4294967278,154
4294967279,152
4294967278,373
4294967279,151
1387,6
4294967278,151
1387,5
4294967279,150
1387,4
1387,3
1387,2
1387,1
4294967278,420
4294967279,146
4294967279,548
4294967279,141
4294967279,140
4294967279,272
4294967279,136
4294967279,270
4294967294,409
4294967294,407
4294967294,109
4294967294,449
4294967278,300
4294967278,273
4294967279,277
